-------------------------------------------------------------------------------------
Algorithm of ML used: fcd
Confusion Matrix:
[[0, 0, 0, 0, 0, 0, 0, 0, 0, 0], [0, 19, 0, 2, 1, 0, 0, 0, 0, 0], [0, 6, 0, 2, 1, 0, 0, 0, 0, 0], [0, 3, 0, 10, 1, 0, 0, 0, 0, 0], [2, 2, 0, 1, 2, 0, 0, 0, 0, 0], [0, 0, 0, 0, 0, 0, 0, 0, 0, 0], [0, 0, 0, 0, 0, 0, 0, 0, 0, 0], [0, 0, 0, 0, 0, 0, 0, 0, 0, 0], [0, 0, 0, 0, 0, 0, 0, 0, 0, 0], [0, 0, 0, 1, 4, 0, 0, 0, 0, 0]]
Overall Accuracy: 0.543859649122807
Producer's Accuracy: [[0], [0.8636363636363636], [0], [0.7142857142857143], [0.2857142857142857], [0], [0], [0], [0], [0]]
User's Accuracy: [[0, 0.6333333333333333, 0, 0.625, 0.2222222222222222, 0, 0, 0, 0, 0]]
Kappa: 0.3562119895742833
-------------------------------------------------------------------------------------
-------------------------------------------------------------------------------------
Algorithm of ML used: rf
Confusion Matrix:
[[0, 0, 0, 0, 0, 0, 0, 0, 0, 0], [0, 17, 5, 0, 0, 0, 0, 0, 0, 0], [0, 3, 6, 0, 0, 0, 0, 0, 0, 0], [0, 1, 4, 9, 0, 0, 0, 0, 0, 0], [0, 0, 1, 3, 0, 0, 0, 0, 0, 3], [0, 0, 0, 0, 0, 0, 0, 0, 0, 0], [0, 0, 0, 0, 0, 0, 0, 0, 0, 0], [0, 0, 0, 0, 0, 0, 0, 0, 0, 0], [0, 0, 0, 0, 0, 0, 0, 0, 0, 0], [0, 0, 0, 1, 2, 0, 0, 0, 0, 2]]
Overall Accuracy: 0.5964912280701754
Producer's Accuracy: [[0], [0.7727272727272727], [0.6666666666666666], [0.6428571428571429], [0], [0], [0], [0], [0], [0.4]]
User's Accuracy: [[0, 0.8095238095238095, 0.375, 0.6923076923076923, 0, 0, 0, 0, 0, 0.4]]
Kappa: 0.458711808422791
-------------------------------------------------------------------------------------
-------------------------------------------------------------------------------------
Algorithm of ML used: svm
Confusion Matrix:
[[0, 0, 0, 0, 0, 0, 0, 0, 0, 0], [0, 20, 1, 1, 0, 0, 0, 0, 0, 0], [0, 2, 7, 0, 0, 0, 0, 0, 0, 0], [0, 1, 4, 8, 1, 0, 0, 0, 0, 0], [0, 0, 0, 5, 1, 0, 0, 0, 0, 1], [0, 0, 0, 0, 0, 0, 0, 0, 0, 0], [0, 0, 0, 0, 0, 0, 0, 0, 0, 0], [0, 0, 0, 0, 0, 0, 0, 0, 0, 0], [0, 0, 0, 0, 0, 0, 0, 0, 0, 0], [0, 0, 0, 1, 1, 0, 0, 0, 0, 3]]
Overall Accuracy: 0.6842105263157895
Producer's Accuracy: [[0], [0.9090909090909091], [0.7777777777777778], [0.5714285714285714], [0.14285714285714285], [0], [0], [0], [0], [0.6]]
User's Accuracy: [[0, 0.8695652173913043, 0.5833333333333334, 0.5333333333333333, 0.3333333333333333, 0, 0, 0, 0, 0.75]]
Kappa: 0.5696308724832215
-------------------------------------------------------------------------------------
-------------------------------------------------------------------------------------
Algorithm of ML used: gbm
Confusion Matrix:
[[0, 0, 0, 0, 0, 0, 0, 0, 0, 0], [0, 21, 1, 0, 0, 0, 0, 0, 0, 0], [0, 4, 5, 0, 0, 0, 0, 0, 0, 0], [0, 0, 4, 10, 0, 0, 0, 0, 0, 0], [0, 0, 1, 3, 3, 0, 0, 0, 0, 0], [0, 0, 0, 0, 0, 0, 0, 0, 0, 0], [0, 0, 0, 0, 0, 0, 0, 0, 0, 0], [0, 0, 0, 0, 0, 0, 0, 0, 0, 0], [0, 0, 0, 0, 0, 0, 0, 0, 0, 0], [0, 0, 0, 1, 1, 0, 0, 0, 0, 3]]
Overall Accuracy: 0.7368421052631579
Producer's Accuracy: [[0], [0.9545454545454546], [0.5555555555555556], [0.7142857142857143], [0.42857142857142855], [0], [0], [0], [0], [0.6]]
User's Accuracy: [[0, 0.84, 0.45454545454545453, 0.7142857142857143, 0.75, 0, 0, 0, 0, 1]]
Kappa: 0.6378653113087674
-------------------------------------------------------------------------------------
-------------------------------------------------------------------------------------
Algorithm of ML used: cart
Confusion Matrix:
[[0, 0, 0, 0, 0, 0, 0, 0, 0, 0], [0, 19, 1, 1, 1, 0, 0, 0, 0, 0], [0, 4, 5, 0, 0, 0, 0, 0, 0, 0], [0, 3, 1, 8, 2, 0, 0, 0, 0, 0], [0, 0, 1, 3, 2, 0, 0, 0, 0, 1], [0, 0, 0, 0, 0, 0, 0, 0, 0, 0], [0, 0, 0, 0, 0, 0, 0, 0, 0, 0], [0, 0, 0, 0, 0, 0, 0, 0, 0, 0], [0, 0, 0, 0, 0, 0, 0, 0, 0, 0], [0, 0, 1, 0, 1, 0, 0, 0, 0, 3]]
Overall Accuracy: 0.6491228070175439
Producer's Accuracy: [[0], [0.8636363636363636], [0.5555555555555556], [0.5714285714285714], [0.2857142857142857], [0], [0], [0], [0], [0.6]]
User's Accuracy: [[0, 0.7307692307692307, 0.5555555555555556, 0.6666666666666666, 0.3333333333333333, 0, 0, 0, 0, 0.75]]
Kappa: 0.518174133558749
-------------------------------------------------------------------------------------
